-7.714,1.4003,-5.5436,-4.4678,-10.879,2.4456,4.1086,-0.4932
-8.2068,0.3102,-2.4347,-5.2855,-10.9515,1.6774,5.4446,-1.9093
-3.4726,7.802,6.2183,2.005,-0.3914,9.0565,-3.7911,-7.6537
-0.0425,-4.4324,-4.1782,9.1927,-6.3841,-4.0224,1.7523,-2.47
-0.5698,-8.4414,-4.5141,9.2633,-5.5798,-5.0828,-1.1388,5.784
-3.922,9.8643,7.6595,6.6036,-0.6206,6.9066,-3.934,-8.0875
-1.4691,-8.1933,-2.836,8.5712,-4.1695,-4.6904,-0.7598,5.1221
-7.1002,0.8713,-2.9447,-4.8582,-10.0158,0.1606,3.0178,-2.9472
-0.2895,-4.379,-2.7288,9.922,-5.8713,-3.475,4.5659,-3.6465
-2.2289,6.539,7.5965,3.6605,-0.7586,8.2151,-3.5035,-6.6102
-1.7242,2.9906,-9.6002,-5.3903,-0.3605,-10.1586,-8.6647,-9.5896
-3.4067,8.8764,4.5519,7.8047,-5.1226,-6.8241,8.284,-9.0588
-3.6543,10.1895,4.6138,11.2791,-6.5141,-5.392,6.8487,-7.9972
-2.1245,2.6081,-8.189,-5.338,-1.456,-9.3753,-8.2637,-9.2548
-2.023,-8.5481,-3.0302,9.0124,-2.7571,-3.4922,-1.7651,8.7643
-0.2243,-9.6656,-4.1047,9.7193,-6.2657,-5.7474,-2.5489,6.2792
1.4562,-6.1645,-4.2789,8.8856,-5.8101,-4.7837,4.8586,-1.392
-8.1471,0.598,-3.8413,-4.356,-8.8441,0.8855,4.0159,-2.9497
-7.3719,-0.6611,-3.2305,-4.728,-11.0619,0.112,3.9198,-3.1156
-7.5464,2.6642,-8.993,-1.5437,4.0046,-1.2285,-10.1226,-6.1859
-0.6644,4.0889,-9.0041,-5.2587,0.9617,-7.093,-8.2059,-9.513
-8.0353,1.0419,-6.6292,-1.633,4.1358,-2.8904,-11.4465,-5.7877
-3.0771,-11.4363,-5.4371,8.1989,-5.9079,-4.8668,-3.3359,8.4027
0.0456,-7.7984,-3.6681,10.3943,-3.5814,-6.7277,-1.6998,6.1736
0.2201,-6.7759,-3.5632,7.315,-7.1828,-4.1417,3.3591,-1.9386
-3.2823,8.8088,6.4136,4.9019,-0.8586,7.1976,-6.2818,-8.9499
-1.6295,9.304,7.3811,5.0941,-1.6592,6.8392,-5.7156,-7.5399
-7.1948,-1.6055,-2.8426,-3.248,-9.7926,2.0286,4.5341,-0.6053
-1.4684,-10.0765,-4.5932,9.6642,-4.3533,-6.7712,-2.0228,6.3782
-4.7264,8.6415,4.7126,11.0061,-4.4363,-7.8846,8.5541,-8.0582
-9.1141,0.9688,-8.6885,-1.7845,5.1601,-1.7877,-8.8791,-6.6251
2.411,-5.401,-3.6429,10.3498,-5.8046,-4.7995,2.4241,-4.1098
-0.9292,4.1878,-7.6025,-6.1082,1.4965,-9.4754,-6.7052,-8.192
-2.3145,-7.4707,-3.5826,9.0511,-5.0066,-2.8223,-2.2751,6.0589
1.1533,-3.4172,-3.0043,8.855,-6.8196,-3.1604,4.6273,-2.7791
-7.2591,0.284,-9.76,-2.9672,3.1573,-1.1596,-9.2141,-6.3165
0.4187,-4.5311,-2.8436,8.4188,-6.6333,-5.9782,4.9371,-3.1945
-2.4657,8.2674,5.6704,12.0278,-6.2154,-7.3828,7.7986,-9.842
1.0941,-4.1698,-2.8953,9.7619,-6.154,-4.1687,3.1611,-3.3325
-7.9039,0.8255,-9.2445,-2.2289,3.2205,-0.5562,-7.7015,-6.6093
-7.6964,-0.4379,-3.3466,-2.9678,-9.0506,1.771,3.9616,-2.9507
-6.2829,-1.7315,-2.8227,-5.3471,-10.626,1.5209,3.9096,-1.5015
-8.4807,0.794,-8.7777,-0.6636,2.0467,-2.4321,-10.6441,-6.8824
0.0792,-7.6986,-3.4394,9.22,-4.4456,-4.5922,-3.1896,7.184
-1.161,-6.9286,-4.1478,9.4825,-4.3903,-4.8542,-2.5185,7.2327
-1.2826,3.898,-6.8135,-4.8301,1.9317,-10.3202,-9.2487,-9.4819
-2.1051,2.892,-9.0848,-5.1181,-0.1118,-7.783,-7.8282,-8.122
-6.5102,1.23,-7.2362,0.4053,2.7959,-1.6565,-9.5948,-5.354
-4.2365,10.2298,4.3857,10.7292,-5.2128,-7.5374,8.7881,-9.3569
-7.7776,-1.4928,-2.0712,-4.8787,-8.7301,2.8517,4.0576,-2.3446
0.1415,3.4707,-7.6156,-4.6192,0.6967,-6.5957,-6.33,-9.4925
-11.1045,1.667,-8.3401,-4.3874,2.8396,-0.2491,-9.7193,-5.6767
0.0903,-9.7862,-2.8641,8.0919,-4.8315,-3.098,-2.0053,6.3413
-7.8882,0.5769,-2.7416,-4.1544,-9.6257,3.8739,3.8586,-1.8079
-1.8083,-4.1592,-3.8984,9.3932,-5.4915,-5.5352,2.9765,-2.6053
-1.8502,-9.6385,-3.4712,8.8766,-3.9797,-4.8469,-1.4872,8.1456
-9.2016,0.0515,-9.8327,-1.044,5.4152,-1.3286,-8.2284,-6.0091
-1.3477,-8.0822,-5.1192,8.1565,-2.3363,-6.1181,-2.6141,6.6553
1.4126,-8.5559,-2.5036,9.8793,-4.1033,-5.5974,0.5897,7.88
-0.7464,-9.5463,-3.2631,7.456,-3.4178,-4.1779,-2.7903,8.3213
-6.1039,0.1491,-2.8933,-2.8679,-10.5004,1.8149,4.2834,-2.6337
-8.7286,0.2396,-3.8132,-2.9007,-8.6483,1.0105,5.2256,-1.0441
0.4243,5.89,-7.9482,-3.6138,-0.081,-9.2044,-7.1987,-8.2638
-3.8019,10.3083,7.6978,5.4255,-0.3969,6.5011,-3.8522,-8.4795
-6.0549,-0.4131,-4.5055,-3.5877,-8.8797,1.7577,4.0646,-1.4129
-9.3973,2.8763,-8.0758,-3.103,4.2787,-1.1799,-9.4988,-5.6103
-2.9247,9.2201,5.8863,9.1546,-5.8578,-8.9257,10.4113,-9.1981
-0.5928,2.5988,-6.0579,-4.2068,-0.0539,-6.6228,-7.7193,-9.7207
-3.4879,8.8699,6.5585,4.1265,-0.9627,5.2488,-4.7324,-9.067
-5.6031,9.3692,5.6536,9.3988,-5.8874,-6.0556,6.9014,-8.3228
-7.4575,-0.2791,-3.2528,-4.5196,-9.9834,1.9772,3.8143,-2.751
1.511,-3.0756,-2.829,10.3444,-6.564,-5.4055,5.4471,-1.8972
-0.0055,-8.8385,-5.0174,9.6384,-4.9046,-5.2643,-1.1269,7.1768
-2.9424,3.295,-8.0586,-4.9931,2.2224,-9.9633,-8.4318,-6.7742
-4.6867,8.3983,5.2353,10.2537,-5.4201,-8.404,8.459,-9.4842
-9.8256,0.9729,-8.1366,-0.754,3.738,0.0583,-9.9902,-6.1062
-2.3983,8.8486,6.5676,9.7213,-5.9746,-7.3727,6.3646,-7.3428
-5.3107,7.6082,5.7588,8.9648,-4.7666,-7.2491,9.2973,-9.3972
-0.4655,1.7276,-8.486,-5.3953,1.5477,-8.8265,-9.756,-8.0456
-0.6747,-9.9431,-3.2596,9.4316,-5.0162,-6.9111,-2.6549,8.5221
-5.535,6.1268,5.5942,4.8651,-2.7627,7.5114,-4.6289,-8.9467
-4.3109,9.1438,6.4293,8.5106,-6.1212,-5.2453,8.0179,-9.3246
0.3912,-9.0347,-3.7931,7.4558,-5.5276,-4.1096,-1.6451,5.7153
-0.6491,5.0754,-8.3423,-6.3362,-0.6658,-7.1183,-8.0778,-5.9789
0.8932,-3.1699,-2.9626,11.2547,-6.0981,-5.5388,3.3971,-3.7591
-0.8303,-3.6024,-3.8151,10.0396,-6.3637,-4.829,3.1878,-3.123
-1.4027,-8.0624,-4.0392,8.3981,-4.3767,-3.9228,-1.3447,5.2023
-6.1506,-0.3437,-1.1399,-3.4745,-9.1105,1.8023,2.2522,0.4828
-0.2995,3.5195,-6.6116,-5.2037,0.6584,-8.9048,-8.2768,-5.9912
-0.1829,-8.0446,-4.0817,7.8648,-4.1632,-6.2805,-1.6891,6.1224
-1.2835,4.2855,-11.6334,-4.3038,0.8296,-7.8264,-8.2153,-8.1635
-3.0101,7.619,6.6292,3.8664,-0.8031,7.1691,-4.2447,-6.6487
-5.502,-2.2596,-3.1867,-6.2679,-9.6677,2.4474,4.9104,-1.0733
-1.1874,2.9079,-7.4255,-5.0543,0.3093,-9.4443,-8.487,-8.6964
-3.6832,6.9892,5.7206,7.5525,-1.0436,7.1129,-4.197,-7.1425
-0.2952,-4.3423,-3.8969,10.2809,-8.0675,-6.4632,4.2112,-1.2661
0.3154,-7.8924,-5.2866,8.7378,-4.0185,-4.6979,-2.4268,8.2149
-4.8967,8.4304,7.3136,5.1696,-1.7504,4.218,-7.4336,-7.3221
-6.8711,1.2579,-8.0695,-2.9785,4.4586,-1.9527,-8.6992,-7.2868
0.7707,-5.2757,-2.1498,9.109,-5.2478,-5.084,3.959,-2.3795
-9.5182,0.688,-8.876,-3.2497,2.6862,-2.2229,-8.9803,-4.8473
-0.859,-6.2674,-4.242,8.8745,-3.0022,-3.9186,-1.9097,8.3932
-9.5606,1.5623,-9.0199,-1.4878,1.9131,-0.6947,-7.831,-6.3215
-1.6123,-7.2942,-4.6074,8.1644,-2.9964,-4.8644,-2.6487,6.9282
-8.6706,0.0633,-2.5551,-4.7223,-8.1451,0.2976,5.5734,-3.4938
-8.1411,-1.4142,-3.2872,-6.1114,-9.213,2.833,2.8909,-2.9007
-3.6424,7.0324,4.6652,9.6801,-6.5353,-6.8403,8.4449,-8.9787
-3.3954,7.5195,4.9746,4.3728,0.183,6.445,-5.6433,-6.4908
-1.2678,2.8348,-9.4897,-5.7679,-0.9678,-8.7092,-10.1768,-7.6882
-7.7271,0.3068,-4.2946,-2.1796,-10.0833,1.4022,3.9213,-1.5627
-9.8949,0.771,-7.9251,-2.0904,3.6903,-1.0982,-9.8125,-5.117
-4.8445,8.7253,6.8698,8.3669,-5.0708,-9.3228,8.8516,-7.568
-1.192,2.2348,-8.0044,-4.7698,2.1408,-10.9197,-8.0534,-9.1885
-7.1548,0.76,-10.1743,-0.915,4.859,-1.2243,-6.9015,-5.3938
-4.2172,7.9392,6.2413,5.3842,-1.7139,7.422,-4.411,-8.5835
-8.4263,-0.2513,-7.4787,-4.0501,4.3578,-2.6195,-9.5895,-6.1837
-0.5302,4.7934,-7.603,-5.8319,0.9097,-8.7248,-8.2257,-9.0433
-2.5959,7.0766,4.8044,9.642,-6.4562,-8.7067,7.866,-9.5613
-8.3445,2.1036,-9.049,-3.4804,4.4197,-1.4909,-8.9506,-6.9127
-1.8682,3.0746,-5.6436,-4.2693,-0.5379,-7.1339,-8.9172,-8.0876
-4.5999,10.1356,6.2307,9.1527,-6.5033,-7.0692,6.176,-7.0656
-0.2696,-9.7068,-2.9388,8.7232,-3.911,-5.6476,-2.7409,6.3514
-0.565,-4.9154,-3.584,8.6634,-6.6855,-4.6134,3.4677,-3.9544
-8.6812,0.4302,-8.0031,-2.5005,3.4361,-2.0351,-10.3102,-6.7899
-6.8925,0.3172,-4.2074,-3.1514,-10.114,1.8451,4.8691,-2.3669
-0.1673,4.7046,-8.6083,-6.7375,2.3784,-9.1462,-7.7292,-8.4306
-0.3582,-5.2073,-2.739,8.5763,-5.0063,-6.3628,4.3204,-4.1319
-5.9052,0.3146,-3.6131,-2.8066,-9.8861,-0.159,4.7813,-1.5754
-7.4062,0.8658,-3.0997,-4.5157,-9.3426,1.3635,5.9971,-0.9188
-3.4621,5.5452,6.4602,4.3899,0.3945,9.582,-4.4093,-7.7859
-3.0874,9.973,6.2658,10.0516,-6.057,-8.4422,8.6172,-8.0489
-0.9508,3.1537,-8.4957,-6.0868,0.983,-8.7048,-7.7233,-9.9165
-0.8407,-4.9803,-1.7868,8.4829,-6.3273,-4.3794,0.8142,-3.3806
-1.0681,-9.4894,-3.2668,8.7941,-4.6507,-3.7861,-0.8128,7.9884
-3.9915,8.0089,4.9647,4.1566,0.4003,6.4412,-3.6012,-8.3216
-9.0869,0.0723,-7.2141,-1.8455,3.5316,-1.2863,-9.1807,-5.3093
-7.084,0.0123,-3.6165,-3.8796,-8.5972,0.0984,3.829,-0.3053
-6.9755,2.9266,-8.1675,-0.6545,3.0048,-1.6145,-8.4953,-5.6853
-0.6389,-8.8408,-2.7557,8.3028,-5.0184,-3.1251,-0.694,4.8019
1.7008,-4.6617,-3.7959,10.2186,-6.9357,-4.8487,4.0053,-2.877
-2.8717,7.332,5.0903,8.0303,-5.2484,-7.7805,11.0684,-9.5376
-6.882,-0.1319,-6.3639,-4.0293,-9.3194,-0.8537,3.7231,-1.8532
-10.0787,1.5749,-7.7455,-2.391,2.2339,-1.9995,-7.7956,-4.75
-1.8682,7.3809,5.5818,4.9885,-1.7846,8.207,-5.2698,-10.0006
0.2278,-4.7278,-3.2079,8.3171,-8.1472,-5.1517,3.8016,-1.9402
-9.9624,-0.5581,-8.1463,-3.1149,4.4964,-1.3145,-7.8655,-5.3236
-3.6886,10.4143,5.6097,11.5611,-6.8464,-7.8561,9.1335,-8.6131
-9.6009,0.9359,-5.1671,-1.0636,3.6477,-0.8494,-8.9673,-6.3848
1.8653,-4.9381,-2.2523,10.1642,-6.3133,-4.753,3.212,-1.829
-4.977,9.1277,6.7319,4.6298,-0.6847,7.8183,-5.4052,-6.3764
-4.7342,0.4941,-5.1354,-4.3354,-9.482,1.4812,3.0537,-2.6028
-1.1824,-8.6017,-4.1061,8.2228,-4.7078,-4.9956,-3.1154,7.0222
-3.7986,8.9791,6.9314,8.5734,-4.9027,-7.1326,7.6241,-10.3811
1.7704,-3.9748,-3.0119,9.2155,-6.8178,-6.1622,1.2956,-2.7832
1.6619,-4.0053,-3.0114,10.3761,-6.4796,-4.3424,1.9041,-2.4037
-0.3864,2.2497,-7.1612,-6.035,0.3378,-8.5744,-10.2591,-9.3344
-6.6072,0.4587,-7.28,-2.7614,4.1743,-3.335,-10.8295,-6.5794
-3.135,8.7962,5.0226,10.2488,-7.0536,-6.5038,7.5446,-8.0368
-3.9841,8.1894,6.9669,4.5224,-0.3262,6.8344,-3.9791,-8.2314
-0.23,-5.226,-3.7649,9.7396,-5.7669,-6.1446,1.2454,-3.0486
-8.1689,-1.9873,-2.3361,-4.2538,-9.77,0.971,4.7757,-1.9575
-0.0059,4.2636,-7.3696,-6.0898,-0.9367,-8.4787,-7.2474,-8.3735
-0.7402,4.7403,-7.1919,-5.3542,0.2715,-6.5449,-9.6081,-9.4339
-8.0532,1.1173,-8.6829,-2.8944,3.4399,-2.027,-10.7516,-7.1685
-2.8839,6.7485,7.8529,4.3446,-0.3718,9.107,-1.9139,-7.8968
-3.4433,8.3446,8.4531,3.7529,-2.5226,7.1317,-2.8927,-8.6403
-0.3195,-8.4575,-2.1793,10.7151,-4.5267,-4.5216,-1.1214,7.2282
0.1164,-4.878,-3.8907,9.1507,-6.4932,-4.2241,3.3919,-1.8728
-0.3202,-3.5849,-1.4749,10.4102,-7.2272,-5.2023,4.39,-2.1724
-0.671,-8.0654,-4.5308,8.2719,-3.799,-4.9064,-2.0563,7.0034
0.4918,-5.0984,-1.7969,9.3312,-6.0604,-4.6191,2.9743,-2.2013
-3.6116,9.1087,4.7475,10.5656,-6.079,-6.4989,7.4812,-9.217
0.9857,-5.6175,-2.9092,10.0097,-6.386,-4.7848,5.0371,-1.2897
-9.1381,0.941,-8.0253,-1.2017,2.5314,-0.1466,-8.5765,-4.7912
-2.8611,7.7626,5.0716,5.485,0.1796,7.863,-6.0195,-9.4218
-0.9973,7.6169,5.3431,6.2844,0.8694,7.0922,-4.4723,-9.1809
-0.7722,-6.4609,-3.6617,11.6222,-2.5459,-5.427,-0.9343,8.6198
-2.3152,-10.8705,-3.1255,8.9565,-5.1088,-5.2192,-1.1114,6.9431
-1.2873,-7.9671,-5.6662,8.2343,-5.3046,-5.7299,-0.8211,4.3452
-4.5039,9.76,6.2383,9.1418,-7.34,-9.3057,6.4831,-9.1969
-8.3158,1.0823,-7.756,-3.717,4.8861,-1.88,-10.2707,-5.7259
0.1486,-5.6007,-3.7954,10.851,-6.3179,-4.5486,3.78,-1.4871
-7.478,-0.6068,-9.5941,-2.878,2.9602,0.24,-9.4546,-6.0608
-4.2102,8.1718,6.1199,9.6088,-5.6813,-6.8423,9.2084,-8.5772
-1.0614,-4.0907,-5.5928,11.7762,-6.8212,-6.6349,3.4197,-2.7983
0.9212,-5.035,-3.3269,10.1714,-5.4504,-4.9907,5.3128,-0.2167
-0.4174,-8.4813,-2.6971,10.3662,-4.3149,-4.2501,-2.3562,7.6117
-3.2208,-9.1315,-1.8879,9.7747,-4.8696,-3.3273,-1.1642,5.806
-5.0186,10.8294,3.3798,9.6305,-5.0582,-7.3513,6.9139,-7.0528
-0.4205,-9.2693,-5.2187,7.8818,-4.4989,-5.8422,-1.7854,8.2637
-1.6939,3.4815,-7.1564,-5.1744,-0.2539,-9.6604,-8.8382,-8.3113
-9.6197,-0.0215,-8.5899,-1.0312,4.0598,-1.7593,-8.0437,-6.6631
-5.2183,-0.1191,-5.2538,-3.7136,-8.2969,3.0205,4.4938,-1.3519
-2.2869,4.7081,-10.2638,-5.5928,0.8133,-6.8957,-6.6565,-9.846
-9.9982,1.1933,-8.6739,-2.074,4.2885,-3.1114,-7.6306,-5.1423
-5.9239,9.9054,4.0647,10.8731,-6.9742,-7.4841,8.1008,-7.7003
-1.0167,-4.3533,-1.7303,9.0197,-7.0255,-4.0996,4.1216,-3.3515
-5.1498,7.6603,4.2334,9.8173,-6.0116,-7.5669,7.4722,-7.6506
-1.0981,4.6872,-9.7561,-6.7333,-0.1816,-8.414,-8.9552,-6.3441
-4.3457,9.2238,5.5186,8.3277,-5.306,-7.1649,9.6291,-9.797
-2.7782,7.8966,4.1942,11.4836,-5.7174,-6.8291,9.6616,-7.9393
-9.7458,0.3713,-9.1643,-4.0326,4.2844,-1.7032,-7.5659,-7.0994
-1.5145,2.4931,-7.2913,-6.3537,0.4991,-8.1806,-8.3127,-6.4281
0.7616,-5.0742,-3.6601,9.733,-6.4049,-4.1662,3.5222,-2.0412
-7.2384,-0.1364,-4.1865,-4.9532,-11.8513,1.179,2.0939,-1.8598
-9.1594,-0.5953,-4.034,-3.5827,-11.258,1.5442,6.2383,-2.2251
-8.4666,1.2174,-6.5069,-3.6204,3.7637,-1.8634,-8.4925,-6.713
-0.837,2.0482,-7.3663,-4.6285,2.4293,-9.3067,-8.4321,-8.6134
-7.0662,-0.3703,-3.258,-2.8346,-9.5815,1.2328,4.8239,-0.4798
1.7615,-4.463,-1.855,8.8622,-6.1565,-5.4329,4.9339,-2.6621
-0.1897,-8.2658,-4.6053,8.2887,-4.7349,-4.9836,-2.1738,6.771
-5.8941,-0.4492,-3.4549,-3.2224,-8.665,2.5576,3.6843,-1.5468
-6.3167,-1.0844,-3.2999,-3.6915,-9.9172,1.8207,2.7014,-1.3463
-3.5857,6.1803,6.6404,5.873,-1.4779,5.6426,-2.7864,-8.7552
-1.3209,3.2509,-7.5334,-5.3434,1.0671,-8.8569,-9.3879,-9.0487
-3.0185,9.5147,7.4293,5.8788,-0.9495,7.2133,-5.4439,-7.4876
0.3937,3.2216,-7.2389,-7.0146,-1.1891,-9.3605,-9.6284,-8.877
-4.1666,9.8384,5.1604,10.135,-5.373,-7.8112,8.176,-10.4534
-3.4395,8.7315,4.1684,9.9316,-6.0654,-6.0211,6.2835,-10.3455
-7.3706,2.1816,-5.9344,-2.1611,2.885,-1.8647,-9.1301,-6.0621
-3.8969,8.496,4.3947,4.4179,-1.1328,6.9623,-4.1072,-9.6053
-8.0199,-2.2832,-5.2479,-3.0672,-11.171,2.2193,4.3616,-2.1535
-4.8091,9.1545,3.4077,9.9527,-6.1768,-7.713,6.7223,-8.6557
-7.4882,0.7195,-8.6593,-2.04,2.6595,-1.3078,-9.5376,-5.0933
-1.9843,8.6493,7.144,4.3836,-1.372,9.4675,-4.0167,-9.1821
-5.6842,-0.889,-3.572,-3.3635,-10.6275,2.9287,6.0123,-2.4481
-7.7007,0.3187,-3.8722,-2.8871,-11.3929,0.0751,3.4054,-1.8931
-9.9953,0.5876,-8.2369,-3.1015,4.9389,-1.8546,-9.2313,-5.6859
-5.5269,6.6462,5.7085,6.397,-0.5747,6.4297,-7.2781,-6.0222
-4.5986,9.0118,4.5228,9.2302,-7.8119,-9.6011,6.5617,-8.5636
-6.7259,0.2316,-5.0345,-6.0951,-8.7168,0.8586,5.0297,-3.4132
-3.7671,7.9354,5.6835,6.796,0.3025,8.0263,-6.1761,-8.5069
-0.7778,-3.7063,-1.7773,9.7874,-7.0894,-3.735,3.513,-1.0958
-1.7635,-7.5486,-3.8364,9.7826,-4.9206,-4.0844,-2.1409,6.3219
-1.4268,-8.9178,-4.0163,8.7276,-5.0739,-5.2909,-1.5978,8.0359
0.9506,-4.648,-3.8301,9.6146,-5.8997,-4.2202,4.0519,-2.5383
0.773,-4.0708,-3.2375,7.5587,-7.1573,-4.244,3.2858,-2.1178
-4.3642,10.9046,4.7862,10.264,-5.1774,-7.6476,6.0719,-8.159
-4.8256,11.4903,4.7255,11.1428,-6.567,-6.1802,8.0869,-8.5009
-6.6399,1.086,-4.4286,-6.2805,-10.4656,0.2235,6.9542,-2.0348
-7.9698,-0.0974,-5.545,-1.9846,3.9496,-1.1259,-9.8628,-6.8456
-9.0091,1.3475,-8.7562,-2.9696,2.2843,-1.8428,-10.1787,-5.861
-0.0839,2.8299,-7.6337,-4.576,-0.4454,-7.4039,-8.0233,-8.105
-5.3294,9.5571,6.6699,10.1111,-4.8114,-8.1544,8.8061,-8.6182
-5.3065,9.0249,5.3678,10.3937,-6.9043,-7.221,9.4754,-7.8604
-2.1589,2.1306,-7.3413,-5.2095,-1.1228,-6.8621,-9.2102,-8.6672
-1.941,6.2184,6.7746,6.1178,-1.2942,7.1067,-4.8757,-8.6838
-7.3592,-0.041,-5.9557,-2.9292,5.143,-1.1182,-7.7682,-4.7604
-1.0143,-8.5335,-2.3894,8.6468,-4.0428,-4.0377,-3.7158,6.7545
-2.7421,6.7359,6.3631,4.7728,0.4815,7.2875,-2.5435,-6.202
-7.0553,0.8844,-4.3662,-2.4986,-9.0971,2.1541,3.6388,-3.0832
-7.2959,-1.4168,-3.5831,-4.2967,-10.1664,1.2925,4.1415,0.4327
0.8371,-3.4287,-2.6454,9.2904,-4.0486,-5.1379,4.7004,-2.9395
-6.191,-0.0979,-5.5736,-1.3,-9.1172,1.6349,3.0458,-0.0037
-2.7167,10.3727,4.702,9.0124,-6.3625,-6.8937,7.3543,-7.9578
-3.7718,7.6012,5.2089,4.5907,0.6533,5.8104,-3.256,-7.32
-2.1247,-9.2736,-5.2577,9.3666,-5.564,-2.7873,-0.934,7.5859
-2.3864,9.6997,4.9182,9.0872,-6.5327,-5.7982,9.0819,-9.1679
-6.0058,-0.3932,-2.8461,-6.0558,-9.1107,2.6323,3.5861,-1.8804
-1.2039,-8.9393,-3.6994,7.6067,-6.528,-4.5085,-3.0139,6.7501
-2.0348,-4.9724,-3.3827,10.4088,-5.2536,-4.1932,5.436,-1.568
-5.1899,8.9123,4.2554,9.2347,-5.8814,-7.1522,9.7018,-7.2724
-8.4889,1.7883,-9.9409,-2.4275,1.7668,0.3576,-9.0744,-7.8426
0.7069,-5.4136,-3.3506,9.7029,-4.9641,-6.1621,5.3441,-1.0372
-2.5305,-7.5806,-3.8839,8.1935,-4.7218,-3.3647,-1.2756,5.7457
-2.8337,7.4852,3.9527,3.8325,-1.1584,4.9597,-3.8666,-7.1483
-2.4711,9.2224,7.2038,5.8415,-1.824,6.611,-5.6372,-9.5235
-6.986,1.312,-8.4279,-0.0043,3.209,-2.5949,-10.0502,-8.1532
-1.0908,-8.4049,-3.5502,9.9822,-4.8896,-5.8648,-1.0711,6.3094
-7.4104,-1.6096,-8.2736,-2.1128,2.0371,-2.0685,-9.5123,-5.5216
1.3411,-6.1027,-4.6878,9.6951,-6.1894,-6.0111,4.3162,-0.7306
-7.7189,1.3747,-7.9368,-0.1624,3.3659,-2.128,-10.0017,-8.4332
-0.8982,-9.9202,-5.2657,8.3979,-4.1283,-5.4457,-2.5353,5.618
-0.7187,5.1483,-6.0701,-5.3747,0.8305,-7.1424,-7.6508,-7.9197
-7.6864,1.5083,-9.1684,-2.0659,3.6782,-0.6446,-9.4337,-6.3305
-2.7832,7.9944,6.998,4.4281,0.672,9.0221,-3.6237,-6.9669
-2.8169,9.58,5.9502,10.0697,-5.0082,-7.0399,8.8045,-9.6257
-0.9296,3.4568,-7.4477,-5.1486,0.7428,-8.0749,-7.8191,-9.1905
-5.0338,9.2766,7.4161,4.788,-1.1136,6.8728,-3.588,-8.9011
-1.2291,3.9472,-8.774,-4.8623,2.0113,-9.4087,-8.6951,-7.095
-8.5434,-0.2136,-9.4904,-1.906,2.1324,0.2259,-8.798,-5.7535
-0.8821,2.4851,-8.6945,-5.505,1.0295,-8.2901,-7.6792,-8.1151
-6.9971,-1.4252,-4.7938,-5.7781,-8.5477,1.5385,4.8237,-2.0209
-0.292,2.5342,-9.0628,-6.755,3.0332,-9.0099,-10.1223,-8.69
-4.1854,10.9459,5.5239,9.3873,-3.8729,-6.9958,8.422,-7.1928
-1.2001,9.9552,6.701,11.2431,-7.047,-8.5582,9.6542,-9.9452
-5.7056,7.3312,3.8516,12.1504,-5.6064,-7.0044,7.9498,-9.1443
-4.3911,7.3684,5.1493,11.1529,-5.0407,-8.2762,8.6948,-7.1968
-0.7222,-10.0753,-3.6391,8.3935,-5.7296,-4.2932,-2.3422,6.6262
-8.4173,0.2963,-4.5988,-5.1373,-10.587,0.8551,5.4887,-2.5868
-3.8421,9.6502,6.8527,6.4221,-2.599,8.2552,-2.5296,-8.2777
-2.7768,6.0078,7.5109,4.2117,1.0403,7.9857,-4.3998,-7.3816
-7.6768,1.771,-8.5497,-1.2141,3.1207,-0.648,-11.1962,-5.4326
-1.5651,4.1672,-8.0502,-6.5858,0.1978,-9.1218,-7.7995,-8.6157
-6.199,0.6798,-4.5531,-5.0319,-9.9546,3.1851,4.5922,-0.824
-4.8249,5.8276,7.0299,5.3463,0.2364,8.3746,-4.762,-8.2206
-7.1165,1.2891,-4.0303,-5.1596,-7.573,2.9413,4.649,-1.7633
-2.8397,9.5655,6.5323,10.1414,-7.4957,-6.4068,8.321,-7.5686
-2.3595,-8.845,-4.917,8.2285,-4.7734,-3.8784,-3.599,6.8154
0.5173,-6.2321,-4.3046,9.8108,-6.5825,-2.8005,3.5954,-0.8115
-0.8416,-7.4331,-4.1756,9.6272,-5.4521,-3.8329,-1.8108,6.7176
-1.0616,-8.6218,-2.632,8.9789,-4.1459,-7.0349,-3.0825,8.784
-4.3195,8.4739,5.7694,10.1414,-6.2501,-5.5883,7.8683,-9.0142
-2.3197,8.925,5.97,11.3079,-6.6122,-9.0705,8.0692,-8.6768
0.8119,-4.4936,-3.3224,9.8661,-6.9134,-4.6386,3.7236,-2.1736
-4.1287,10.0574,4.4168,10.9222,-3.5544,-6.8032,7.1488,-10.3242
-0.8876,2.5676,-9.0628,-5.8141,0.0282,-8.9597,-9.1764,-9.4925
-2.3894,6.2193,6.6391,4.195,-0.5887,7.5984,-3.3093,-8.4103
-1.131,3.881,-7.1438,-6.2009,1.0184,-7.4842,-9.6973,-9.158
-5.8536,9.9826,6.6654,8.9414,-7.4745,-7.858,8.634,-10.5972
-0.2294,-9.318,-2.8532,7.882,-5.1082,-4.4899,-0.2196,6.7669
-5.6923,0.1435,-4.7795,-2.4617,-10.302,1.9531,4.01,-1.4468
-0.159,-3.1019,-4.8211,11.4796,-6.5138,-5.8325,4.4467,-0.426
-8.2709,1.3609,-8.2241,-1.574,1.3638,-2.6424,-7.8464,-6.9058
-7.0178,0.0934,-8.3596,-1.6421,2.4631,-1.4145,-8.3675,-5.201
1.6331,-5.7772,-3.8996,9.0104,-7.1752,-5.8077,3.1898,-3.1923
-7.8412,0.6005,-8.3621,-0.8047,2.2949,-0.8424,-9.6676,-6.0961
-4.5256,7.2817,7.3599,4.8701,-0.9441,7.0235,-5.1086,-7.6222
-9.1248,0.4357,-7.2723,-3.205,3.3853,-1.7434,-9.7123,-5.4012
-1.3009,3.7964,-8.1386,-4.6472,0.5393,-7.6743,-9.7083,-8.883
-5.4438,6.6939,5.534,9.3649,-5.7983,-8.8641,9.2486,-7.9705
-3.5855,7.7572,8.1992,6.2064,-0.4908,6.6692,-5.7947,-8.6162
-6.095,1.9949,-4.7253,-3.7124,-10.5199,0.6821,3.1213,-0.9219
-2.1547,8.2815,5.7807,5.144,-0.1782,6.3372,-4.9441,-7.9751
-8.3092,-3.1793,-5.9263,-4.2977,-9.9932,3.3067,5.4679,-2.4232
-3.1754,10.2558,4.2739,9.9523,-5.4543,-6.8086,7.1697,-8.832
-3.7559,8.3524,7.4183,5.4355,-1.0019,6.4429,-4.7385,-8.2194
-0.9157,-9.7997,-3.2128,8.4258,-3.0845,-3.4326,-2.0207,5.6663
-4.0986,9.4307,5.5154,10.6219,-6.5211,-4.6941,7.5789,-8.8603
-2.868,7.7786,5.4087,4.0977,-1.0003,7.0371,-4.7239,-10.0588
-8.2747,-0.6965,-8.282,-3.6448,2.412,-0.2818,-10.8722,-5.1344
-1.8245,9.2883,5.54,4.8829,-1.1558,7.2081,-4.2768,-8.8364
-2.7073,7.0328,6.7127,2.2655,-0.9113,6.7472,-4.5086,-10.4314
-3.103,8.428,4.1706,10.5445,-4.7525,-7.9593,6.4027,-11.1924
-0.172,-4.7153,-2.8849,9.2823,-7.3106,-6.2683,3.608,-1.9138
-9.3252,3.1108,-8.474,-2.374,3.6457,-2.4465,-9.8243,-6.2566
-2.0772,2.8717,-8.6764,-7.1494,-0.6143,-9.5172,-7.7126,-7.6386
1.5256,-5.1244,-4.3963,11.2103,-7.3783,-5.4063,5.4081,-3.5055
-0.2361,-7.8753,-3.1005,9.6954,-5.5841,-4.5148,-1.5515,5.4583
-3.2687,9.4871,7.196,3.7734,-1.8436,9.4263,-4.9251,-5.6543
-2.7803,8.5599,7.4985,6.0364,-0.8621,7.2562,-4.9324,-9.3002
-3.9095,6.9419,5.6527,3.6156,0.0882,7.2906,-4.2976,-9.5737
-3.8129,9.0582,7.7834,4.8555,0.7989,5.611,-5.3012,-8.445
-1.5382,8.3819,6.5554,4.5813,-0.7136,9.3574,-4.4619,-8.9393
-0.6066,-8.1003,-3.6822,9.3601,-3.9371,-3.5528,-3.0935,7.1471
-3.5166,9.0455,6.8707,4.3409,0.6156,7.0658,-3.0801,-9.1182
-5.4183,0.9343,-3.8893,-2.9567,-10.1815,2.1516,4.8711,-1.0612
-7.8004,0.6263,-10.4492,-1.214,4.4817,-1.1895,-9.2894,-8.0199
0.1358,-5.2328,-4.4573,9.1031,-6.8599,-6.317,3.1478,-3.7858
-1.8355,3.4941,-7.636,-4.4271,0.1903,-7.8349,-8.6626,-7.8916
-8.5569,-1.6947,-2.9944,-4.666,-9.038,1.7359,3.3032,-1.8565
-6.1756,-0.0732,-4.3869,-3.2723,-10.8387,1.941,3.5354,-1.6978
-1.2202,-4.8998,-2.86,9.9445,-6.9203,-3.6887,3.5449,-1.4532
-9.2135,-1.0666,-3.0263,-5.0039,-9.7251,1.8794,5.6741,0.4648
-0.0533,-5.1832,-2.9732,9.8068,-7.8819,-5.6992,4.4143,-3.1058
-1.323,-3.7646,-4.0715,8.8904,-5.04,-6.2666,2.5454,-4.1415
-4.6568,9.6268,7.1012,9.3985,-4.9473,-7.0305,8.6318,-9.6181
-0.8936,3.169,-8.0721,-4.7894,1.2008,-8.9496,-8.8871,-7.8477
-0.3327,-3.5237,-3.9605,9.9365,-5.8016,-6.7313,4.4667,-2.6748
-4.5152,10.4237,5.0774,9.7662,-7.117,-9.6821,9.17,-10.1565
-1.8689,-9.9105,-1.9982,9.7711,-3.2788,-4.9961,-2.585,7.2719
-7.4993,0.4549,-5.0051,-2.8201,-11.8738,2.665,4.5516,-3.0642
-2.5363,7.9716,5.2505,5.0442,-0.5501,7.2291,-4.0667,-8.0233
0.5126,-5.0129,-3.1469,10.5707,-5.8307,-6.0947,3.4488,-0.0363
-3.4536,8.5536,7.8779,2.8664,-2.9249,6.3869,-4.2261,-7.2559
-1.3046,-10.2138,-3.8892,8.9716,-3.7861,-5.2741,-1.5205,8.9839
-0.5652,3.8703,-8.5856,-6.5057,1.908,-9.8063,-7.8196,-8.4475
1.5423,-2.8117,-2.8459,9.6205,-6.0391,-6.3211,2.672,-2.0272
-3.6508,8.9221,6.2274,6.281,0.8736,5.1023,-2.4222,-9.1077
0.1321,3.5827,-8.1585,-4.5758,1.5319,-7.5199,-7.4755,-8.2627
-2.568,-8.2976,-4.216,8.7829,-3.1214,-6.0949,-1.7775,6.9105
-6.9258,1.0768,-9.282,-2.8294,4.1423,-1.6742,-10.539,-4.4191
0.4803,-8.1691,-1.7902,7.8455,-4.2789,-3.2927,-2.4509,4.7371
-2.9535,-7.0559,-4.6409,8.6352,-5.8331,-6.663,-2.3341,6.9402
-4.1487,8.5774,5.429,7.2433,-6.2167,-7.7997,7.5746,-8.3421
0.2393,3.5903,-8.9995,-5.2933,1.5345,-8.6818,-9.3108,-7.1737
-1.2105,2.6949,-7.4699,-5.648,0.1015,-7.9199,-8.1628,-9.5133
-7.9632,-1.6456,-5.0477,-3.3374,-8.0669,0.008,4.8637,-2.8849
-6.2546,8.3815,5.7853,9.608,-6.9794,-5.5526,6.8875,-10.2414
-8.7285,-0.1942,-8.745,-1.5186,4.1338,-1.5719,-10.7044,-5.4381
-1.89,3.0511,-8.0704,-7.1083,0.509,-7.806,-9.8425,-7.47
2.5387,-4.5038,-3.5343,8.359,-6.9432,-3.9322,4.0966,-2.344
-8.4033,2.8667,-8.5787,-3.0008,3.853,0.2344,-11.2528,-5.7525
1.8926,-5.2502,-2.8825,9.7248,-6.2364,-3.0715,4.7275,-2.7836
-3.3512,8.5212,7.2224,3.1303,-1.955,7.0025,-4.3757,-7.9085
0.7397,-5.9281,-2.0609,9.7181,-5.3885,-6.6954,5.0614,-2.801
-1.3048,4.4391,-9.3622,-4.704,0.9291,-8.5933,-6.9771,-8.1873
-7.7774,0.1609,-3.3849,-6.6729,-7.3321,2.3696,4.424,-2.1649
1.026,-6.2353,-4.1248,10.6442,-7.1462,-3.8649,1.7644,-2.1138
-2.7213,8.8873,8.0845,4.6185,-0.6652,8.1371,-3.0102,-7.295
-8.118,-0.0805,-6.7266,-1.5763,3.0931,-2.9064,-8.8242,-5.0939
-7.8978,1.2196,-7.2339,-1.5377,2.44,-1.3007,-9.1383,-7.0948
-2.2699,-5.8469,-4.9925,8.5698,-5.4168,-2.2051,-2.0302,6.6726
-5.2438,0.258,-3.3683,-4.1494,-11.7862,2.1444,3.608,-2.3646
-0.7809,2.5245,-8.408,-6.0637,0.2475,-9.6784,-7.8824,-8.4032
-0.69,-8.827,-3.2355,8.5033,-3.3162,-5.3204,-1.8042,6.8972
-6.449,-0.8154,-5.4559,-3.6252,-9.3057,2.8603,4.6654,-2.5623
-1.8522,3.6392,-8.2724,-4.3869,-0.1017,-9.8577,-8.7129,-7.5082
-3.1994,9.5468,4.7185,10.5073,-7.0656,-6.2983,9.276,-9.5773
-1.38,-3.3073,-2.3685,6.3045,-8.2945,-5.9493,5.0487,-1.1686
-8.8506,1.1812,-6.7377,-2.6772,3.6853,-0.7598,-8.6796,-4.5273
-7.5228,1.1324,-4.8013,-4.2342,-11.1749,3.506,3.9739,-0.7925
-3.8048,8.4884,5.6229,4.3605,-0.3036,6.2586,-3.6656,-7.7388
-0.3404,3.6826,-7.937,-6.0897,-0.4176,-8.7974,-9.4973,-9.3217
-7.0829,-0.7636,-3.2179,-4.2932,-9.9149,2.029,4.4288,-2.4168
-1.8978,8.0854,6.8362,5.4587,-1.7661,5.248,-3.9728,-9.0305
0.2905,-5.7554,-3.1802,10.0796,-7.5686,-4.3436,2.2907,-0.9801
-0.601,3.9226,-8.2351,-6.3354,-1.6203,-7.3482,-8.2925,-9.7318
-6.8118,-0.2072,-2.4288,-2.8466,-9.1191,1.819,5.5314,-2.6952
-1.4767,4.0772,-8.2822,-4.5004,-0.1259,-9.339,-9.7272,-9.7213
-0.6596,-8.8218,-4.5636,9.9363,-4.0859,-5.0846,-0.8953,7.2282
-0.4194,-8.8823,-5.0194,7.2045,-2.2388,-4.5713,-1.956,8.0173
-4.0337,9.7782,5.7493,10.6844,-6.9235,-5.571,8.6243,-9.15
-9.8671,1.0838,-7.9706,-0.8781,2.347,-2.1565,-8.0379,-5.3855
-1.5187,2.9856,-7.5588,-5.7817,1.5909,-8.8828,-8.1917,-7.9194
-2.1381,4.5971,-8.0251,-4.7644,0.2037,-9.0108,-7.1907,-8.8399
0.4599,3.4955,-8.3819,-4.2694,-0.377,-9.5373,-9.5356,-8.4232
-6.7197,1.2896,-9.8433,-2.5849,3.7143,-2.6279,-7.042,-7.305
-0.0257,-4.8969,-3.5485,9.6139,-6.7121,-7.104,3.4769,-1.7237
-5.2716,8.7482,5.0624,10.993,-3.786,-7.6313,9.5577,-9.7203
-1.7095,4.081,-9.015,-4.3018,0.241,-7.7981,-9.947,-8.9335
-0.1777,3.3145,-7.9261,-7.2186,0.7086,-8.7148,-7.2517,-9.5008
-7.236,0.1359,-8.5252,-2.4822,3.6099,-1.0173,-10.6436,-7.7914
-4.4147,10.2297,5.522,10.0757,-4.6094,-8.2947,5.905,-9.3926
-0.7149,-5.4416,-2.7711,8.7732,-6.2764,-5.466,4.0294,-3.4322
0.2204,-8.4728,-4.8674,11.5407,-4.3493,-5.2926,-0.2038,6.3244
-3.4723,8.4203,6.0385,4.9749,-0.057,6.2886,-3.1944,-7.3529
-2.6948,6.9715,5.6559,4.1641,-2.7165,9.602,-4.6424,-7.424
-6.7601,1.5373,-3.9403,-3.9757,-9.5396,0.6051,3.7507,-3.0534
-4.3481,9.2808,6.3439,8.0623,-5.6656,-8.5968,7.9565,-9.832
