-7.4703,-0.3561,-7.4703,-0.3561
-4.6478,7.9474,-4.6478,7.9474
-8.3768,0.4391,-8.3768,0.4391
-4.9377,9.9903,-4.9377,9.9903
-5.8751,-6.6054,-5.8751,-6.6054
-8.7503,2.2862,-8.7503,2.2862
-5.056,11.0115,-5.056,11.0115
-5.7191,-7.6118,-5.7191,-7.6118
-7.1986,2.3764,-7.1986,2.3764
-8.7949,-0.0633,-8.7949,-0.0633
-6.6498,-6.5922,-6.6498,-6.5922
-5.4577,-7.391,-5.4577,-7.391
-7.8547,0.8797,-7.8547,0.8797
-5.3702,-9.2316,-5.3702,-9.2316
-4.9542,10.7517,-4.9542,10.7517
-4.8675,8.9291,-4.8675,8.9291
-3.2764,7.6329,-3.2764,7.6329
-7.2297,1.2443,-7.2297,1.2443
-10.2582,-1.6944,-10.2582,-1.6944
-3.8923,9.7311,-3.8923,9.7311
-5.0458,9.2021,-5.0458,9.2021
-3.991,9.0307,-3.991,9.0307
-4.4966,8.6451,-4.4966,8.6451
-9.7054,2.6169,-9.7054,2.6169
-7.4122,1.5275,-7.4122,1.5275
-5.5894,-7.6002,-5.5894,-7.6002
-7.1167,-8.8758,-7.1167,-8.8758
-8.3656,0.4982,-8.3656,0.4982
-6.2775,9.3774,-6.2775,9.3774
-5.8847,9.2257,-5.8847,9.2257
-5.7241,9.1336,-5.7241,9.1336
-10.1777,0.301,-10.1777,0.301
-1.378,8.2518,-1.378,8.2518
-9.0863,1.1559,-9.0863,1.1559
-4.5949,7.455,-4.5949,7.455
-8.4706,-1.6234,-8.4706,-1.6234
-6.1805,-6.0061,-6.1805,-6.0061
-4.9771,-6.9474,-4.9771,-6.9474
-7.5274,0.8848,-7.5274,0.8848
-4.6626,9.6735,-4.6626,9.6735
-7.0066,-0.4472,-7.0066,-0.4472
-3.7616,9.8488,-3.7616,9.8488
-9.3477,-1.062,-9.3477,-1.062
-4.3115,-8.4256,-4.3115,-8.4256
-4.0015,8.8107,-4.0015,8.8107
-5.387,-6.6833,-5.387,-6.6833
-9.0952,0.7753,-9.0952,0.7753
-3.0795,8.8207,-3.0795,8.8207
-2.8154,7.7916,-2.8154,7.7916
-5.9173,-7.1353,-5.9173,-7.1353
-8.6429,0.1733,-8.6429,0.1733
-5.5822,-5.8273,-5.5822,-5.8273
-7.966,2.3012,-7.966,2.3012
-5.02,9.1048,-5.02,9.1048
-6.4568,-6.7351,-6.4568,-6.7351
-4.5776,-8.0577,-4.5776,-8.0577
-6.5409,-7.9866,-6.5409,-7.9866
-4.0147,11.4525,-4.0147,11.4525
-5.1624,8.6549,-5.1624,8.6549
-5.0046,-7.8573,-5.0046,-7.8573
-8.56,1.7976,-8.56,1.7976
-5.216,-7.9913,-5.216,-7.9913
-5.8282,-9.0878,-5.8282,-9.0878
-2.3015,8.727,-2.3015,8.727
-9.6662,0.9506,-9.6662,0.9506
-5.3645,8.0872,-5.3645,8.0872
-4.6078,9.191,-4.6078,9.191
-9.7312,1.0649,-9.7312,1.0649
-6.3248,-7.9119,-6.3248,-7.9119
-4.7958,-7.2116,-4.7958,-7.2116
-3.5948,10.2213,-3.5948,10.2213
-5.5452,-8.1187,-5.5452,-8.1187
-7.9296,2.4412,-7.9296,2.4412
-7.1028,-6.9573,-7.1028,-6.9573
-6.8572,-6.2699,-6.8572,-6.2699
-6.5175,-5.8562,-6.5175,-5.8562
-9.8349,2.0064,-9.8349,2.0064
-8.2899,2.6944,-8.2899,2.6944
-9.1886,1.8473,-9.1886,1.8473
-4.4465,-8.3548,-4.4465,-8.3548
-4.1698,10.0466,-4.1698,10.0466
-7.9322,-6.7934,-7.9322,-6.7934
-4.9652,8.5723,-4.9652,8.5723
-6.0076,-6.7454,-6.0076,-6.7454
-4.6956,8.9423,-4.6956,8.9423
-4.9223,-7.8024,-4.9223,-7.8024
-6.0826,-6.8641,-6.0826,-6.8641
-8.5916,0.8211,-8.5916,0.8211
-5.1231,-7.3902,-5.1231,-7.3902
-4.5288,-6.4948,-4.5288,-6.4948
-7.3848,-0.0794,-7.3848,-0.0794
-9.729,1.6778,-9.729,1.6778
-4.9726,10.4308,-4.9726,10.4308
-6.3801,-9.0156,-6.3801,-9.0156
-6.9992,1.5587,-6.9992,1.5587
-4.8509,8.4615,-4.8509,8.4615
-4.9018,9.7526,-4.9018,9.7526
-5.8336,11.5752,-5.8336,11.5752
-10.3773,-0.8476,-10.3773,-0.8476
-9.1811,1.6406,-9.1811,1.6406
